function y=mic_angle()
x=[ 69,0;
    90,32;
    111,0;
    90,328;
    32,0;
    55,45;
    90,69;
    125,45;
    148,0;
    125,315;
    90,291;
    55,315;
    21,91;
    58,90;
    121,90;
    159,89;
    69,180;
    90,212;
    111,180;
    90,148;
    32,180;
    55,225;
    90,249;
    125,225;
    148,180;
    125,135;
    90,111;
    55,135;
    21,269;
    58,270;
    122,270;
    159,271];
x(:,2)=x(:,2)/180*pi;
x(:,1)=-(x(:,1)-90)/180*pi;
y=[x(:,2),x(:,1)];

